       1   1           1.234278           1.372918           1.615765          83.095833          82.754167           0.300482           0.165417           0.290690          32.716667          27.670833           1.234275           1.207314           1.615759          83.095833          82.754167           0.093579           0.000187           0.083570           0.004167
       2   2           4.268266           3.916023          65.573839          74.795833         168.341667           2.362043           0.660367          65.571924         292.812500         168.341667           4.268266           3.255465           4.344379          74.795833         275.712500           0.093579           0.000190           0.083709           0.004167
       3   3           2.787084           3.043604           7.560508         331.695833         128.562500           0.744149           0.319578           7.212822         123.737500         128.562500           2.713626           2.723834           3.403966         331.691667         133.754167           0.093579           0.000192           0.083909           0.004167
       4   4           1.448104           1.125973           1.623168          82.879167          82.712500           0.254668           0.146039           1.138125          26.712500         140.795833           1.447370           0.979747           1.621913          82.879167          82.712500           0.093579           0.000187           0.083339           0.004167
       5   5         550.463202         257.739806          45.369350          82.758333         247.616667           0.072677           0.022005           0.076151          17.670833          19.670833         550.463202         257.717613          45.369350          82.758333         247.616667           0.093579           0.000189           0.083781           0.004167
       6   6           3.111319           3.793467           2.691866         136.295833         130.712500           0.356111           0.081327           0.369969          20.762500          20.670833           3.111280           3.711935           2.690336         136.295833         130.712500           0.093579           0.000204           0.086976           0.004167
       7   7           4.647288          11.790304           3.247541          70.916667          95.687500           0.013521           0.006985           0.013589           9.712500           9.645833           4.647288          11.783128           3.247541          70.916667          95.687500           0.093579           0.000191           0.083815           0.004167
       8   8           4.031215           2.529480           2.196212          79.854167          82.883333           0.023710           0.012618           0.024905          20.770833          21.675000           4.031214           2.516669           2.196212          79.854167          82.883333           0.093579           0.000193           0.083901           0.004167
       9   9          16.619161          10.023069          19.298358         335.712500         269.629167          16.619161           7.958549          19.298309         335.712500         269.629167           7.553158           2.064329           8.761367         124.912500         128.304167           0.093579           0.000190           0.083877           0.004167
      10  10 ****************** 31989582494.976299 ******************         359.854167         359.987500       67362.981538        4847.376547         939.880783         119.400000         124.862500 ****************** 31989577647.599499 ******************         359.854167         359.987500           0.093579           0.000190           0.083765           0.004167
      11  11           1.406842           1.418678           2.108635          72.795833          74.712500           0.014167           0.002624           0.052103          18.725000         269.295833           1.406842           1.415866           2.108635          72.795833          74.712500           0.093579           0.000188           0.083594           0.004167
      12  12           4.189832           9.376852           2.997354          76.754167         107.570833           0.009744           0.002663           0.006574           3.362500           3.462500           4.189832           9.374000           2.997354          76.754167         107.570833           0.093579           0.000189           0.083635           0.004167
      13  13           4.267364           3.726457           1.766194         119.795833         122.708333           0.004598           0.002670           0.004659           9.737500           9.670833           4.267364           3.723597           1.766194         119.795833         122.708333           0.093579           0.000189           0.083783           0.004167
      14  14           4.182079           4.997778           4.024164         327.833333         328.666667           1.043271           0.117945           2.816520         295.779167         295.525000           4.181612           4.879645           4.023667         327.833333         328.666667           0.093579           0.000188           0.083483           0.004167
      15  15           3.148181           2.719304           1.649178         117.795833         115.712500           0.221672           0.063895           0.258149          17.670833         156.795833           3.147361           2.655223           1.648741         117.795833         115.712500           0.093579           0.000186           0.083312           0.004167
      16  16         221.036451         258.374540          20.874763         246.216667         299.979167         221.036451         258.260455          20.874763         246.216667         299.979167           0.512701           0.113896           0.608346           4.825000           5.670833           0.093579           0.000189           0.083726           0.004167
      17  17           3.928890           3.463489           2.638857          82.795833          82.883333           1.365098           0.644837           1.296549         115.379167         115.754167           3.848642           2.818463           2.573811          82.795833          82.883333           0.093579           0.000189           0.083818           0.004167
      18  18           0.723202           0.512292           0.743908         105.908333         105.754167           0.012156           0.006264           0.012888          20.816667          20.670833           0.723202           0.505842           0.743908         105.908333         105.754167           0.093579           0.000186           0.082917           0.004167
      19  19           0.746490           1.161443           0.773452          17.712500          18.708333           0.659570           0.563492           0.694127          17.712500          18.708333           0.575085           0.597763           0.350187         186.837500         251.754167           0.093579           0.000187           0.083430           0.004167
      20  20          18.548499           8.180653         108.200538         231.254167         283.308333          18.547496           6.425641         108.200538         231.254167         283.308333           2.862278           1.754820           2.793311          78.879167          75.712500           0.093579           0.000191           0.083830           0.004167
      21  21           4.408608           4.371002           2.134490         114.650000         111.754167           0.004612           0.001802           0.006322           9.737500           9.616667           4.408608           4.369012           2.134490         114.650000         111.754167           0.093579           0.000188           0.083624           0.004167
      22  22           1.265048           1.208016           2.165842          74.754167          75.754167           0.071097           0.029985           0.389671          29.712500         186.795833           1.265022           1.177843           2.165794          74.754167          75.754167           0.093579           0.000187           0.083497           0.004167
      23  23           1.463784           1.607502           3.050559          74.795833          75.754167           0.008556           0.006321           0.008550          22.658333          22.658333           1.463784           1.600993           3.050559          74.795833          75.754167           0.093579           0.000188           0.083625           0.004167
      24  24           3.508342           2.198782           2.765305          82.795833          80.670833           0.056232           0.018933           0.056494          16.712500          16.712500           3.508342           2.179663           2.765305          82.795833          80.670833           0.093579           0.000186           0.083247           0.004167
      25  25           5.192516           4.748344           2.338295         181.754167         212.712500           0.005036           0.002531           0.005314          11.712500          10.670833           5.192516           4.745625           2.338295         181.754167         212.712500           0.093579           0.000188           0.083559           0.004167
      26  26           2.738729           0.956319           2.118311         126.800000         123.629167           0.166856           0.062992           0.166498          22.675000          22.670833           2.738729           0.893137           2.118309         126.800000         123.629167           0.093579           0.000190           0.083883           0.004167
      27  27           1.081913           1.402927           1.055305         340.670833         340.675000           0.005228           0.003710           0.005324          10.833333          10.670833           1.081913           1.399029           1.055305         340.670833         340.675000           0.093579           0.000187           0.083490           0.004167
      28  28         127.686591         269.627839          11.886973         139.837500         155.612500         127.669475         269.505225          11.886379         139.837500         155.612500           0.292435           0.122412           0.432201           0.004167           2.612500           0.093579           0.000202           0.084193           0.004167
      29  29           3.878329           1.697045           1.948508         114.754167         111.754167           0.208073           0.131407           0.214839          22.662500          21.712500           3.878329           1.565449           1.948508         114.754167         111.754167           0.093579           0.000189           0.083774           0.004167
      30  30           2.124681           1.160890           2.452088         132.295833         130.712500           1.643212           0.442447           2.118766         150.837500         146.754167           2.077405           0.718263           2.382763         132.295833         130.720833           0.093579           0.000180           0.079592           0.004167
      31  31           4.382152           9.909475           3.105306          77.462500         107.570833           0.068377           0.025978           0.072151          20.745833          19.670833           4.382152           9.883306           3.105306          77.462500         107.570833           0.093579           0.000191           0.083836           0.004167
      32  32           3.465286           5.283452           2.355830          71.862500          74.670833           0.073021           0.034685           0.072585          20.750000          21.670833           3.465283           5.248578           2.355829          71.862500          74.670833           0.093579           0.000189           0.083798           0.004167
      33  33           4.121495           2.682591           2.209724         114.654167         111.712500           1.024034           0.484904           1.765797         133.833333         127.795833           4.039455           2.197496           2.150162         114.654167         111.712500           0.093579           0.000190           0.083799           0.004167
      34  34           3.613166           7.297015           2.637603          70.862500          74.670833           0.010806           0.006565           0.012350           8.670833           5.670833           3.613166           7.290263           2.637603          70.862500          74.670833           0.093579           0.000188           0.083596           0.004167
      35  35           2.847845           2.376780           2.482555         113.754167         111.754167           2.847845           2.310918           2.482555         113.754167         111.754167           0.301192           0.065674           0.261158           2.670833           3.670833           0.093579           0.000187           0.083462           0.004167
      36  36           3.973135           2.792105           2.443396         113.733333         111.712500           0.028234           0.013298           0.028260          22.662500          21.716667           3.973135           2.778617           2.443396         113.733333         111.712500           0.093579           0.000190           0.083789           0.004167
      37  37           3.185522           1.446397           1.418147         116.754167         115.712500           0.158036           0.117205           0.435702          22.670833         179.754167           3.182952           1.329002           1.416785         116.754167         115.712500           0.093579           0.000190           0.083819           0.004167
      38  38           0.389913           0.327590           0.324510           0.004167         136.795833           0.021978           0.027721           0.035451         327.712500         297.712500           0.309981           0.299680           0.324510           2.670833         136.795833           0.093579           0.000189           0.083814           0.004167
      39  39           1.901129           1.197005           1.714727         107.562500         107.562500           0.153392           0.154928           0.257904         295.725000         266.712500           1.901129           1.041890           1.714727         107.562500         107.562500           0.093579           0.000188           0.083357           0.004167
      40  40           0.507593           0.507776           0.579303           4.820833           5.670833           0.293478           0.180172           0.296823         339.704167         339.670833           0.502364           0.327415           0.573370           4.820833           5.670833           0.093579           0.000189           0.083726           0.004167
      41  41           1.604185           1.270369           2.080778          95.712500          82.712500           0.328996           0.124078           1.341094          26.712500         161.795833           1.604179           1.146103           2.080722          95.712500          82.712500           0.093579           0.000189           0.083707           0.004167
      42  42           1.871327           1.161620           2.307055          82.925000          82.712500           0.256252           0.158704           0.719639          22.675000         169.795833           1.871024           1.002729           2.306551          82.925000          82.712500           0.093579           0.000187           0.083530           0.004167
      43  43           0.682995           0.867473           1.390127           4.820833          76.712500           0.193302           0.227825           0.752583          27.791667         174.795833           0.673507           0.639462           1.389916           4.820833          76.712500           0.093579           0.000186           0.083148           0.004167
      44  44           1.679734           1.820535           2.478817          74.754167          76.670833           0.021562           0.009561           0.021538          22.666667          22.658333           1.679734           1.810785           2.478817          74.754167          76.670833           0.093579           0.000189           0.083769           0.004167
      45  45           1.116789           1.438553           1.154118          20.758333          21.670833           0.948682           1.022370           1.013578          20.758333          21.712500           0.578443           0.415995           0.594223          10.812500          10.670833           0.093579           0.000188           0.083620           0.004167
      46  46           0.998384           0.667311           1.052894          22.658333          21.712500           0.724369           0.321473           0.965964          22.666667         156.795833           0.515790           0.345650           0.528394          10.820833          10.670833           0.093579           0.000188           0.083671           0.004167
      47  47          20.083348          16.890651          15.686258         294.762500         308.995833          20.083348          16.325520          15.686258         294.762500         308.995833           2.975355           0.564944           4.957959          83.045833          82.537500           0.093579           0.000187           0.083361           0.004167
      48  48      187477.363388       13081.635382      156342.354433         299.862500         299.854167      187477.363388        9364.122532      156342.354433         299.862500         299.854167       66737.344421        3717.512661       57570.094595         304.820833         317.800000           0.093579           0.000189           0.083739           0.004167
      49  49           0.626904           0.704535           0.789099          13.962500         227.754167           0.528776           0.259915           0.604449          13.966667          13.670833           0.514262           0.444431           0.706482         225.258333         227.754167           0.093579           0.000189           0.083693           0.004167
      50  50           2.821511           0.960701           2.075734         113.754167         111.754167           0.439559           0.211034           0.474150         332.758333         332.679167           2.821511           0.749479           2.075734         113.754167         111.754167           0.093579           0.000189           0.083621           0.004167
      51  51           2.680224           1.678843           2.214704         114.566667         113.670833           2.680012           1.376772           2.214499         114.566667         113.670833           0.789595           0.301883           0.932359           6.704167           5.670833           0.093579           0.000189           0.083737           0.004167
      52  52          15.135340           4.282540          10.387580         340.625000         316.654167          15.135340           3.703827          10.381641         340.625000         316.654167           1.099628           0.578525           1.431017         105.900000         104.712500           0.093579           0.000188           0.083646           0.004167
      53  53           2.434212           2.246174           2.267114          72.866667          73.712500           2.316771           1.042501           2.031482         117.754167         116.629167           2.408493           1.203480           2.236129          72.866667          73.712500           0.093579           0.000192           0.083943           0.004167
      54  54           1.158586           2.055384           1.119098         300.841667         301.633333           0.516456           0.332915           0.540023          17.700000          18.670833           1.145405           1.722281           1.100401         303.970833         301.633333           0.093579           0.000188           0.083581           0.004167
      55  55           3.776509           4.067747           2.568794          74.754167          74.670833           0.304022           0.269531           0.507339         124.795833         119.795833           3.720113           3.798028           2.521958          74.754167          74.670833           0.093579           0.000189           0.083682           0.004167
      56  56           1.364813           1.478456           1.993201          74.754167          75.754167           0.259914           0.345908           1.680766         151.837500         135.795833           1.364392           1.132354           1.992601          74.754167          75.754167           0.093579           0.000195           0.083965           0.004167
      57  57           3.188148           0.935482           2.100445          82.029167          80.712500           0.041568           0.053789           0.297971         330.712500         240.754167           3.188148           0.881505           2.100445          82.029167          80.712500           0.093579           0.000189           0.083704           0.004167
      58  58           3.428951           1.964608           3.242408         235.795833         228.754167           0.057817           0.081109           0.062500         359.712500         216.754167           3.417101           1.883305           3.210377         235.795833         229.712500           0.093579           0.000194           0.083999           0.004167
      59  59           1.818588           2.381058           1.871737         107.570833          82.712500           0.014778           0.004843           0.014982          11.712500          10.670833           1.818588           2.376026           1.871737         107.570833          82.712500           0.093579           0.000189           0.083719           0.004167
      60  60           4.731063           2.857263           2.655282          72.795833          74.670833           0.006309           0.003012           0.006569           6.712500           5.670833           4.731063           2.854062           2.655282          72.795833          74.670833           0.093579           0.000190           0.083857           0.004167
      61  61           1.288243           1.534670           1.678176          17.658333         153.566667           1.096326           1.057630           1.128561          17.675000          18.670833           0.483838           0.476847           1.545866         165.091667         153.570833           0.093579           0.000192           0.083834           0.004167
      62  62           3.912743           1.723153           2.713491          82.808333          82.883333           0.219518           0.123187           0.226299         306.712500         307.712500           3.912736           1.599775           2.713485          82.808333          82.883333           0.093579           0.000191           0.083855           0.004167
      63  63           3.823529           8.619910           2.832425          69.037500          74.670833           0.342425           0.067231           0.437706           7.650000           6.591667           3.821872           8.552492           2.832173          69.037500          74.670833           0.093579           0.000187           0.083484           0.004167
      64  64           1.075957           0.708558           1.394861         339.441667         339.420833           1.075957           0.217759           1.394861         339.441667         339.420833           0.818651           0.490612           1.279560           8.675000          81.712500           0.093579           0.000187           0.083508           0.004167
      65  65           3.154974           1.943149           2.285336          79.862500          77.670833           0.004833           0.003273           0.004893          11.712500          10.670833           3.154974           1.939689           2.285336          79.862500          77.670833           0.093579           0.000187           0.083449           0.004167
      66  66           4.227659           9.120646           2.825853          70.545833          75.670833           0.056298           0.022689           0.057051          20.737500          19.670833           4.227659           9.097717           2.825853          70.545833          75.670833           0.093579           0.000239           0.084537           0.004167
      67  67           4.048772           2.557661           2.667301          79.833333          78.712500           2.030512           0.705043           1.972581         117.795833         116.658333           4.011943           1.852432           2.620667          79.820833          78.712500           0.093579           0.000187           0.083320           0.004167
      68  68           2.253794           3.298197           7.697542         337.712500         170.795833           2.253794           2.009662           7.697542         337.712500         170.795833           1.707034           1.283881           1.543791          32.691667          19.670833           0.128992           0.004654           0.149681          90.300000
      69  69           3.133459           2.927510           2.724641          79.504167          76.670833           2.320998           0.856034           2.341926         124.837500         120.795833           3.120408           2.071288           2.707895          79.504167          76.670833           0.093579           0.000187           0.083565           0.004167
      70  70          33.965645          33.044165          66.166435         251.366667         225.483333          33.965645          32.948401          66.166409         251.366667         225.483333           0.307751           0.095576           0.274985           2.670833           4.670833           0.093579           0.000188           0.083595           0.004167
      71  71           3.814395           3.186204           2.592320          77.462500          74.670833           0.005045           0.002897           0.004896           6.687500           5.670833           3.814395           3.183119           2.592320          77.462500          74.670833           0.093579           0.000188           0.083521           0.004167
      72  72           4.061877           2.551965           1.813008         138.295833         134.712500           0.047211           0.016915           0.047468          16.733333          16.712500           4.061877           2.534858           1.813008         138.295833         134.712500           0.093579           0.000193           0.083900           0.004167
      73  73           0.914396           0.944767           1.131575           8.670833          78.712500           0.409928           0.324135           0.952002         251.795833         232.795833           0.894491           0.620443           1.131550           8.670833          78.712500           0.093579           0.000189           0.083727           0.004167
      74  74         152.513351          21.456614          56.399124         107.537500         107.587500          15.310177           2.503129           9.275901         148.833333         192.612500         152.468826          18.953286          56.364991         107.537500         107.587500           0.093579           0.000199           0.084045           0.004167
      75  75           3.029337           3.866291           1.881928         124.795833         122.712500           0.398386           0.188750           0.439269          14.875000          14.675000           2.986511           3.677352           1.822450         124.795833         122.712500           0.093579           0.000189           0.083670           0.004167
      76  76           6.089487           3.232413          34.183232         304.712500         212.679167           6.089487           1.489902          34.183232         304.712500         212.679167           3.900697           1.742322           1.800828         114.754167         111.754167           0.093579           0.000189           0.083657           0.004167
      77  77           0.881019           0.578513           0.976167           6.670833         178.837500           0.641149           0.238822           0.976152          22.666667         178.837500           0.855479           0.339497           0.846713           6.670833           5.670833           0.093579           0.000194           0.084302           0.004167
      78  78           2.621798           1.578876           2.417497         105.883333         109.754167           2.621798           1.444826           2.417497         105.883333         109.754167           0.435960           0.133862           0.447887           6.670833           5.670833           0.093579           0.000188           0.083742           0.004167
      79  79           4.808481           1.597743           2.306433         162.837500         160.720833           0.565000           0.195859           0.925492          16.712500         184.795833           4.806949           1.401693           2.207339         162.837500         160.754167           0.093579           0.000191           0.083815           0.004167
      80  80           3.314200           3.203477           3.187179         158.254167         227.704167           0.868715           0.166531           3.129774         184.458333         227.704167           3.314198           3.036758           3.115346         158.254167         142.795833           0.093579           0.000188           0.083693           0.004167
      81  81           1.613345           1.653313           2.579639          74.754167         141.795833           1.208162           0.595286           2.579597         165.625000         141.795833           1.612851           1.057839           2.240755          74.754167          75.712500           0.093579           0.000188           0.083501           0.004167
      82  82           2.240561           1.906675           2.031913         105.887500         106.712500           0.243875           0.104608           0.515179          27.795833         165.712500           2.240529           1.801878           2.031882         105.887500         106.712500           0.093579           0.000189           0.083714           0.004167
      83  83           4.007384           2.412257           2.455065          77.745833          75.712500           0.045014           0.021312           0.378987          22.670833         160.795833           4.007381           2.390754           2.455061          77.745833          75.712500           0.093579           0.000191           0.083884           0.004167
      84  84           0.477840           0.613708           0.484412          22.666667          21.712500           0.440827           0.526373           0.443257          22.666667          21.712500           0.292435           0.087146           0.207534           0.004167           0.004167           0.093579           0.000189           0.083832           0.004167
      85  85           1.255572           1.186653           1.331806         105.987500         106.712500           0.161129           0.121204           1.050784          20.800000         206.795833           1.255572           1.065262           1.331806         105.987500         106.712500           0.093579           0.000186           0.083147           0.004167
      86  86           3.233068           1.946923           2.247781          72.845833          73.708333           1.310382           0.450173           1.117939         114.766667         112.754167           3.230686           1.496556           2.245937          72.845833          73.708333           0.093579           0.000194           0.084143           0.004167
      87  87         457.373754          33.706542           8.160958         142.875000         281.512500           0.084050           0.046278           0.105798          20.787500         222.754167         457.373753          33.660024           8.144911         142.875000         281.512500           0.093579           0.000239           0.083996           0.004167
      88  88           4.652249           2.911664           1.968825         128.295833         128.712500           0.004061           0.002150           0.003690           2.670833           5.670833           4.652249           2.909328           1.968825         128.295833         128.712500           0.093579           0.000187           0.083409           0.004167
      89  89           1.064024           0.820100           1.245629           8.670833          79.754167           0.624227           0.185005           0.642236          27.795833          27.670833           1.033105           0.634909           1.245238           8.670833          79.754167           0.093579           0.000186           0.083203           0.004167
      90  90           1.553916           1.642384           1.372594         115.420833         116.670833           1.383952           1.127914           1.355541         116.754167          20.675000           0.925938           0.514280           0.914295           6.712500           6.633333           0.093579           0.000189           0.083730           0.004167
      91  91         982.879199         166.518119          79.745638         253.254167         166.633333         982.879199         164.519667          79.745638         253.254167         166.633333           4.326812           1.998265           2.635996          79.879167          77.670833           0.093579           0.000187           0.083416           0.004167
      92  92         144.502479         322.297532          24.733106         173.837500         107.829167          60.540574          21.151159          24.601850         214.700000         107.829167         143.459531         301.146183          18.289568         173.837500         314.845833           0.093579           0.000190           0.084012           0.004167
      93  93           2.549770           2.516832           1.853446          71.879167          73.712500           0.003995           0.001934           0.003773           2.675000           5.670833           2.549770           2.514711           1.853446          71.879167          73.712500           0.093579           0.000187           0.083382           0.004167
      94  94           4.090835           1.639297           2.738105          79.845833          77.670833           2.158252           0.758623           1.848496         117.795833         116.712500           4.042263           0.880486           2.676759          79.845833          77.670833           0.093579           0.000188           0.083522           0.004167
      95  95           3.236648           2.422306           2.498676          79.466667          75.754167           1.679157           1.262345           1.902697         116.795833          95.650000           3.196115           1.159770           2.313511          79.466667          76.670833           0.093579           0.000191           0.083956           0.004167
      96  96           3.093157           1.543064           2.419627         114.650000         113.629167           3.093157           1.360406           2.419627         114.650000         113.629167           0.597420           0.182471           0.641084           8.670833           6.633333           0.093579           0.000187           0.083363           0.004167
      97  97           1.040163           1.092224           1.584470           9.720833          79.754167           0.018353           0.010740           0.018344          22.662500          22.658333           1.029371           1.081295           1.584470           9.720833          79.754167           0.093579           0.000189           0.083651           0.004167
      98  98           3.850840           2.445767           2.486576          82.337500          80.670833           0.021654           0.004921           0.029358           9.695833         218.229167           3.850840           2.440658           2.486576          82.337500          80.670833           0.093579           0.000187           0.083541           0.004167
      99  99           4.039698           4.736031           2.651016          78.879167          76.670833           0.017753           0.008740           0.018382          13.954167          13.675000           4.039698           4.727101           2.651016          78.879167          76.670833           0.093579           0.000190           0.083875           0.004167
     100 100           2.268621           2.447063           1.896461         113.712500         107.570833           0.028844           0.021267           0.198976          22.662500         162.795833           2.268618           2.425607           1.896458         113.712500         107.570833           0.093579           0.000189           0.083778           0.004167
     101   1           3.524318           6.358699           2.584698          70.545833          74.670833           0.022612           0.015533           0.023020          20.750000          19.670833           3.524316           6.342974           2.584697          70.545833          74.670833           0.093579           0.000192           0.084039           0.004167
     102   2           3.818640           4.240302           2.652913         133.800000         130.712500           0.082966           0.035819           0.084631          17.687500          18.670833           3.811057           4.204283           2.612224         133.800000         130.712500           0.093579           0.000199           0.084718           0.004167
